1 58 46
3 22 23
7 42
13 23 14 52
14 13 15
15 14 41 29
22 3 34 23 65
23 3 13 22 67
29 15 41 42 55
34 22 46 63
41 15 29 52 87
42 7 29 72
46 1 34 58 78
52 13 41 67 86
55 29 89
58 1 46 74 77
63 34 79 65 100
65 22 63 67 82
67 23 52 65 82 102
72 42 105 107
74 58 94
77 58 94 78 124
78 46 77 79
79 63 78
82 65 67 100 140
86 52 87 102 116
87 41 86 105
89 55 105
93 94
94 74 77 93
100 63 82 111
102 67 86 127
105 72 87 89 107 108
107 72 105 161
108 105 116 135
111 100 124
116 86 108 127 142
122 144 123
123 122 144 165 124
124 77 111 123 153
127 102 116 133
128 199 187 135 142 161
133 127 140 157
135 108 128 161
140 82 133 154 156
142 116 157 128
144 122 123 163
153 124 154 180 184
154 140 153 156
156 140 154 157 184
157 133 142 156 185
161 107 135 128 199
163 144 176 191
165 123 191 180
176 163 190
180 153 165 184 190
184 153 156 180 185
185 157 184 187 199
187 128 185 199
190 176 180 191
191 163 165 190
199 128 161 185 187
